
%------Данные для экраноплана с хвостовым оперением------

%function Object_2
  
global Ba Iz
%.....................................................................................................................
global k_alfa   Alfa_zad   k_h   h_zad 
global k_xt   xt_zad   %xt_zad_1    xt_zad_2   xt_zad_3    xt_zad_4    xt_zad_5    xt_zad_6
global Cya_pol
global Cxa_pol
global mz_Alfa
global mz_po_delta_1
global mz_po_delta_2


% Характеристическая площадь
% S_kr=2.479733;
% Характерный линейный размер
Ba=1.4196;
% Инерционный момент относительно оси z
Iz=0.4;
%k_h – количество отстояний.
k_h=7;
%h_zad – заданные отстояния.
h_zad= [0.10 0.15 0.20 0.40 0.60 1.00 3.]; 
%k_alfa – количество углов атаки.
k_alfa=4;
%Alfa_zad – заданные углы атаки.
Alfa_zad=[-2. 0. 2. 4.5];
% k_xt - количество положений центра тяжести.
k_xt=8;
% xt_zad - координаты центра тяжести в относительных величинах.
xt_zad=[0. 0.2326 0.4653 0.698 0.9313 1.164 1.3966 1.6293];

% xt_zad_1=0.;
%Cya_pol – зависимость коэффициента подъемной силы от угла атаки, для разных отстояний.  
Cya_pol=[0.55431394  0.67438192  0.77265832  0.88446777;
         0.47440199  0.5955042   0.69550155  0.81848279;
         0.42134583  0.53562857  0.64789358  0.77096457;
         0.32274923  0.42854125  0.5329917   0.65455275;
         0.29178091  0.39543932  0.48683642  0.60691435;
         0.26398692  0.36213533  0.45630823  0.56772896;
         0.25536747  0.35446319  0.44875529  0.55612798];
     
%Cxa_pol – зависимость коэффициента лобового сопротивления от угла атаки, для разных отстояний.
Cxa_pol=[0.042163159  0.060088192  0.082569042  0.11957579;
         0.04026646   0.056487765  0.077665158  0.11281647;
         0.038613749  0.053713923  0.07439596   0.10772407;
         0.035663625  0.048395892  0.06633511   0.095642825;
         0.034330121  0.046519992  0.062865044  0.090513467;
         0.033766149  0.04504488   0.060586358  0.08676295;
         0.033527575  0.044820718  0.060177879  0.085711928];
     
%mz_Alfa - зависимость коэффициента продольного момента от угла атаки, для разных отстояний. 
mz_Alfa=[0.57380685    0.67948784    0.76621719     0.87587322;
                 0.51078598    0.61669055    0.71036056     0.82432874;
                 0.47063984    0.57582428    0.67215132     0.78556223;
                 0.39420991    0.49560468    0.5915953        0.71231408;
                 0.36239676    0.4593092       0.55913413     0.67656876;
                 0.34585372    0.43843067     0.53265248     0.65192664;
                 0.33796585    0.4287105       0.52129947     0.64254764];

%mz_po_delta_1 – зависимость коэффициента продольного момента (h=var) от угла отклонения управляющей поверхности 1 
mz_po_delta_1=[0  0  0  0  0  0  0];

%mz_po_delta_2 – зависимость коэффициента продольного момента (h=var) от угла отклонения управляющей поверхности 2 
mz_po_delta_2=[0  0  0  0  0  0  0];

% xt_zad_2=0.2326;
%Cya_pol – зависимость коэффициента подъемной силы от угла атаки, для разных отстояний.  
Cya_pol(:,:,2)=[0.53619567    0.67438192    0.78443219    0.91863448;
                          0.46125225    0.5955042      0.7104669      0.84539813;
                          0.41566147    0.53562857    0.65143255    0.78519779;
                          0.3239275       0.42854125   0.53048685    0.66555423;
                          0.29110081     0.39543932   0.49040477    0.60968602;
                          0.26347921     0.36213533   0.45328768    0.56801103;
                          0.2552595       0.35446319   0.44447508    0.55728862];
     
%Cxa_pol – зависимость коэффициента лобового сопротивления от угла атаки, для разных отстояний.
Cxa_pol(:,:,2)=[0.042221868    0.060088192    0.083117152    0.12291199;
                          0.039773491    0.056487765    0.078499412    0.11554496;
                          0.038199156    0.053713923    0.074758078    0.10939428;
                          0.035393866    0.048395892    0.065890516    0.096429631;
                          0.03427182       0.046519992    0.062863744   0.090358278;
                          0.033923674     0.04504488      0.060132686   0.086318841;
                          0.033714749     0.044820718    0.059587391   0.085427209];
     
%mz_Alfa - зависимость коэффициента продольного момента от угла атаки, 
% для разных отстояний. 
mz_Alfa(:,:,2)=[0.42978943    0.51369516    0.58338813    0.66849678;
                          0.391582        0.47028948    0.5423246      0.62988769;
                          0.36115785    0.44414326    0.51827705    0.60698942;
                          0.31159913    0.39025043    0.46530257    0.54860114;
                          0.2917479      0.36209286    0.43702478    0.52582249;
                          0.2809544      0.34940191    0.42116689    0.51117152;
                          0.2756406      0.34156789    0.41298639    0.50336739];

%mz_po_delta_1 – зависимость коэффициента продольного момента (h=var) от угла отклонения управляющей поверхности 1 
mz_po_delta_1(:,:,2)=[0  0  0  0  0  0  0];

%mz_po_delta_2 – зависимость коэффициента продольного момента (h=var) от угла отклонения управляющей поверхности 2 
mz_po_delta_2(:,:,2)=[0  0  0  0  0  0  0];

% xt_zad_3=0.4653;
%Cya_pol – зависимость коэффициента подъемной силы от угла атаки, для разных отстояний.  
Cya_pol(:,:,3)=[0.5233349  0.67438192  0.7985166   0.95751639;
                0.45118503  0.5955042   0.71865663  0.86938618;
                0.40299497  0.53562857  0.66222726  0.80690498;
                0.32248864  0.42854125  0.53782713  0.66891444;
                0.28881227  0.39543932  0.48916589  0.61500383;
                0.26448551  0.36213533  0.45339541  0.57266922;
                0.25623473  0.35446319  0.44265758  0.55766747];
     
%Cxa_pol – зависимость коэффициента лобового сопротивления от угла атаки, для разных отстояний.
Cxa_pol(:,:,3)=[0.041319051  0.060088192  0.083719214  0.12598178;
                0.03955365   0.056487765  0.078892576  0.11745653;
                0.038017623  0.053713923  0.075064996  0.11149016;
                0.035306284  0.048395892  0.066315917  0.097083533;
                0.034201189  0.046519992  0.062815332  0.090881645;
                0.033620253  0.04504488   0.060253682  0.086634102;
                0.033372777  0.044820718  0.059483367  0.085186197];

%mz_Alfa - зависимость коэффициента продольного момента от угла атаки, для разных отстояний.     
mz_Alfa(:,:,3)=[0.29414742  0.34790248  0.39569186  0.44349876;
                0.27493599  0.32388841  0.37221487  0.42626279;
                0.26363533  0.31246225  0.358775    0.41252688;
                0.23051307  0.28189618  0.32983438  0.3888927;
                0.22139199  0.26787651  0.31849648  0.37390095;
                0.2163558   0.26037315  0.31075318  0.36804066;
                0.21273293  0.25442527  0.30495156  0.36409554];

%mz_po_delta_1 – зависимость коэффициента продольного момента (h=var) от угла отклонения управляющей поверхности 1 
mz_po_delta_1(:,:,3)=[0  0  0  0  0  0  0];

%mz_po_delta_2 – зависимость коэффициента продольного момента (h=var) от угла отклонения управляющей поверхности 2 
mz_po_delta_2(:,:,3)=[0  0  0  0  0  0  0];   

% xt_zad_4=0.698;
%Cya_pol – зависимость коэффициента подъемной силы от угла атаки, для разных отстояний.  
Cya_pol(:,:,4)=[0.51215173  0.67438192  0.82421829  1.0037977;
                0.44910317  0.5955042   0.73033604  0.89720479;
                0.39977168  0.53562857  0.66764717  0.8250416;
                0.31454047  0.42854125  0.53777068  0.67495535;
                0.28988206  0.39543932  0.48974216  0.6125;
                0.26615943  0.36213533  0.45985971  0.57633198;
                0.257813    0.35446319  0.44790902  0.56142555];
     
%Cxa_pol – зависимость коэффициента лобового сопротивления от угла атаки, для разных отстояний.
